  // :
  LED(5,7,0,15,0,7);
  LED(5,6,0,15,0,7);
  LED(6,7,0,15,0,7);
  LED(6,6,0,15,0,7);

  LED(1,7,0,15,0,7);
  LED(1,6,0,15,0,7);
  LED(2,7,0,15,0,7);
  LED(2,6,0,15,0,7);

  // D
  LED(5,0,0,15,0,7);
  LED(4,0,0,15,0,7);
  LED(3,0,0,15,0,7);
  LED(2,0,0,15,0,7);

  LED(6,1,0,15,0,7);
  LED(1,1,0,15,0,7);

  LED(7,2,0,15,0,7);
  LED(0,2,0,15,0,7);

  LED(7,3,0,15,0,7);
  LED(0,3,0,15,0,7);

  LED(7,4,0,15,0,7);
  LED(6,4,0,15,0,7);
  LED(5,4,0,15,0,7);
  LED(4,4,0,15,0,7);
  LED(3,4,0,15,0,7);
  LED(2,4,0,15,0,7);
  LED(1,4,0,15,0,7);
  LED(0,4,0,15,0,7);

  delay(50);

  // :
  LED(5,7,0,0,0,0);
  LED(5,6,0,0,0,0);
  LED(6,7,0,0,0,0);
  LED(6,6,0,0,0,0);

  LED(1,7,0,0,0,0);
  LED(1,6,0,0,0,0);
  LED(2,7,0,0,0,0);
  LED(2,6,0,0,0,0);

  // D
  LED(5,0,0,0,0,0);
  LED(4,0,0,0,0,0);
  LED(3,0,0,0,0,0);
  LED(2,0,0,0,0,0);

  LED(6,1,0,0,0,0);
  LED(1,1,0,0,0,0);

  LED(7,2,0,0,0,0);
  LED(0,2,0,0,0,0);

  LED(7,3,0,0,0,0);
  LED(0,3,0,0,0,0);

  LED(7,4,0,0,0,0);
  LED(6,4,0,0,0,0);
  LED(5,4,0,0,0,0);
  LED(4,4,0,0,0,0);
  LED(3,4,0,0,0,0);
  LED(2,4,0,0,0,0);
  LED(1,4,0,0,0,0);
  LED(0,4,0,0,0,0);